tract	mean_max_advertised_download_speed	mean_max_advertised_upload_speed
23001010100	2000.0	2000.0
23001010200	2000.0	2000.0
23001010300	1000.0	1000.0
23001010400	1000.0	1000.0
23001010500	2000.0	2000.0
23001010600	2000.0	2000.0
23001010700	2000.0	2000.0
23001010800	2000.0	2000.0
23001020100	2000.0	2000.0
23001020200	2000.0	2000.0
23001020301	2000.0	2000.0
23001020302	2000.0	2000.0
23001020303	2000.0	2000.0
23001020401	2000.0	2000.0
23001020402	2000.0	2000.0
23001020500	2000.0	2000.0
23001020600	2000.0	2000.0
23001020700	2000.0	2000.0
23001020801	2000.0	2000.0
23001020802	2000.0	2000.0
23001020900	2000.0	2000.0
23001030100	2000.0	2000.0
23001030200	2000.0	2000.0
23001040000	2000.0	2000.0
23001041000	2000.0	2000.0
23001041500	1000.0	1000.0
23001042000	1000.0	1000.0
23001043000	1000.0	1000.0
23001044000	1000.0	35.0
23001045000	1000.0	35.0
23001046000	2000.0	2000.0
23001046500	2000.0	2000.0
23003950100	1000.0	500.0
23003950200	1000.0	35.0
23003950300	1000.0	35.0
23003950400	1000.0	35.0
23003950600	1000.0	35.0
23003950700	1000.0	35.0
23003950900	1000.0	35.0
23003951000	1000.0	1000.0
23003951100	1000.0	1000.0
23003951200	1000.0	1000.0
23003951300	1000.0	1000.0
23003951400	1000.0	105.0
23003951600	1000.0	1000.0
23003951700	1000.0	1000.0
23003951800	1000.0	1000.0
23003951900	1000.0	1000.0
23003952000	1000.0	1000.0
23003952100	1000.0	1000.0
23003952300	1000.0	1000.0
23003952400	1000.0	1000.0
23003952500	1000.0	1000.0
23003952600	1000.0	1000.0
23003952700	1000.0	1000.0
23003952900	1000.0	1000.0
23005000100	2000.0	2000.0
23005000200	2000.0	2000.0
23005000300	1000.0	35.0
23005000500	2000.0	2000.0
23005000600	2000.0	2000.0
23005001000	2000.0	2000.0
23005001100	2000.0	2000.0
23005001200	2000.0	2000.0
23005001300	2000.0	2000.0
23005001500	2000.0	2000.0
23005001700	2000.0	2000.0
23005001800	2000.0	2000.0
23005001900	2000.0	2000.0
23005002001	2000.0	2000.0
23005002002	2000.0	2000.0
23005002101	2000.0	2000.0
23005002102	2000.0	2000.0
23005002200	2000.0	2000.0
23005002300	2000.0	2000.0
23005002400	1000.0	1000.0
23005002501	2000.0	2000.0
23005002503	2000.0	2000.0
23005002504	2000.0	2000.0
23005002600	1000.0	1000.0
23005002700	1000.0	1000.0
23005002800	1000.0	1000.0
23005002901	1000.0	1000.0
23005002902	1000.0	1000.0
23005003001	2000.0	2000.0
23005003002	2000.0	2000.0
23005003100	2000.0	2000.0
23005003200	2000.0	2000.0
23005003300	2000.0	2000.0
23005003400	2000.0	2000.0
23005003500	2000.0	2000.0
23005003701	2000.0	2000.0
23005003702	2000.0	2000.0
23005004001	1000.0	150.0
23005004002	1000.0	1000.0
23005004100	1000.0	1000.0
23005004201	1000.0	35.0
23005004202	1000.0	1000.0
23005004401	1000.0	1000.0
23005004402	1000.0	1000.0
23005004501	1200.0	1000.0
23005004502	1200.0	50.0
23005004600	1000.0	1000.0
23005004701	1000.0	1000.0
23005004702	1000.0	1000.0
23005004802	1000.0	1000.0
23005004803	1000.0	35.0
23005004804	1000.0	1000.0
23005004805	1000.0	1000.0
23005011100	1200.0	35.0
23005011203	1200.0	1000.0
23005011204	1200.0	1000.0
23005011205	1200.0	1000.0
23005011206	1200.0	1000.0
23005011300	2000.0	2000.0
23005011500	1000.0	1000.0
23005012001	1000.0	35.0
23005012002	1000.0	35.0
23005013001	1000.0	35.0
23005013002	1000.0	35.0
23005014001	1000.0	35.0
23005014002	1000.0	35.0
23005015000	1000.0	500.0
23005016001	1000.0	35.0
23005016002	1000.0	35.0
23005016500	1000.0	35.0
23005017002	1000.0	250.0
23005017003	1000.0	35.0
23005017004	1000.0	35.0
23005017101	1200.0	35.0
23005017102	1200.0	35.0
23005017303	2000.0	2000.0
23005017305	2000.0	2000.0
23005017306	2000.0	2000.0
23005017307	2000.0	2000.0
23005017308	2000.0	2000.0
23007970101	1000.0	35.0
23007970102	1000.0	1000.0
23007970601	2000.0	2000.0
23007970602	1000.0	35.0
23007971000	2000.0	2000.0
23007971100	2000.0	2000.0
23007971201	2000.0	2000.0
23007971202	2000.0	2000.0
23007971300	2000.0	2000.0
23007971400	1000.0	50.0
23009965100	1000.0	100.0
23009965200	1000.0	1000.0
23009965300	1000.0	35.0
23009965400	1000.0	1000.0
23009965503	2000.0	2000.0
23009965504	2000.0	2000.0
23009965700	1000.0	1000.0
23009965800	1000.0	35.0
23009965900	1000.0	35.0
23009966000	1000.0	35.0
23009966100	1000.0	1000.0
23009966200	1000.0	35.0
23009966300	2000.0	2000.0
23009966400	2000.0	2000.0
23009966500	2000.0	2000.0
23009966600	2000.0	2000.0
23009966700	2000.0	2000.0
23011010100	2000.0	2000.0
23011010200	2000.0	2000.0
23011010300	2000.0	2000.0
23011010400	2000.0	2000.0
23011010500	2000.0	2000.0
23011010601	1000.0	35.0
23011010602	2000.0	2000.0
23011010700	2000.0	2000.0
23011010801	2000.0	2000.0
23011010803	2000.0	2000.0
23011010804	1000.0	35.0
23011010900	1000.0	35.0
23011011000	1000.0	35.0
23011012000	1000.0	35.0
23011013000	1000.0	500.0
23011014001	1000.0	35.0
23011014002	1000.0	35.0
23011014500	1000.0	35.0
23011015000	1000.0	35.0
23011015500	1000.0	35.0
23011016000	1000.0	500.0
23011017000	2000.0	2000.0
23011018000	2000.0	2000.0
23011019000	1000.0	500.0
23011020000	2000.0	2000.0
23011020500	1000.0	1000.0
23011021000	1000.0	35.0
23011022000	1000.0	35.0
23011023001	2000.0	2000.0
23011023002	2000.0	2000.0
23011024101	2000.0	2000.0
23011024102	1000.0	1000.0
23011024201	1000.0	1000.0
23011024202	2000.0	2000.0
23011025001	1000.0	35.0
23011025002	2000.0	2000.0
23013970200	1000.0	100.0
23013970301	1000.0	100.0
23013970302	1000.0	100.0
23013970401	8000.0	8000.0
23013970402	2000.0	2000.0
23013970500	2000.0	2000.0
23013970600	2000.0	2000.0
23013970700	2000.0	2000.0
23013970800	2000.0	2000.0
23013970900	2000.0	2000.0
23013971000	1000.0	35.0
23013971100	1000.0	35.0
23015975100	1000.0	100.0
23015975200	1000.0	100.0
23015975300	1000.0	100.0
23015975400	1000.0	100.0
23015975500	1000.0	35.0
23015975600	1000.0	100.0
23015975700	1000.0	100.0
23015975800	1000.0	100.0
23015976200	1000.0	35.0
23017965100	1000.0	1000.0
23017965400	1000.0	35.0
23017965500	1000.0	35.0
23017965600	1000.0	35.0
23017965700	1000.0	1000.0
23017965800	1000.0	1000.0
23017965900	1000.0	1000.0
23017966001	1000.0	1000.0
23017966002	1000.0	1000.0
23017966100	1000.0	1000.0
23017966200	1000.0	35.0
23017966300	1000.0	1000.0
23017966401	1000.0	35.0
23017966402	1000.0	35.0
23017966500	1000.0	35.0
23017966600	1000.0	35.0
23017966700	1000.0	35.0
23017966800	1000.0	35.0
23017966900	1000.0	35.0
23019000200	2000.0	2000.0
23019000300	2000.0	2000.0
23019000400	2000.0	2000.0
23019000500	2000.0	2000.0
23019000600	2000.0	2000.0
23019000700	2000.0	2000.0
23019000900	2000.0	2000.0
23019002000	1000.0	1000.0
23019003000	1000.0	35.0
23019004100	1000.0	1000.0
23019004200	1000.0	1000.0
23019004300	1000.0	1000.0
23019005000	2000.0	2000.0
23019006100	1000.0	1000.0
23019006200	1000.0	1000.0
23019006300	1000.0	1000.0
23019007100	1000.0	1000.0
23019007200	1000.0	1000.0
23019008001	1000.0	1000.0
23019009000	1000.0	1000.0
23019010000	1000.0	35.0
23019011000	1000.0	500.0
23019012000	1000.0	1000.0
23019012500	1000.0	1000.0
23019013000	1000.0	35.0
23019013500	1000.0	1000.0
23019014000	1000.0	35.0
23019015000	1000.0	35.0
23019015500	1000.0	1000.0
23019018000	1000.0	35.0
23019020500	1000.0	1000.0
23019021500	1000.0	1000.0
23019022500	1000.0	1000.0
23019024500	1000.0	1000.0
23019025500	30.0	10.0
23019026500	1000.0	63.0
23019027000	1000.0	1000.0
23019028000	1000.0	1000.0
23019028500	1000.0	1000.0
23019029000	1000.0	1000.0
23019030000	500.0	52.0
23019031000	1000.0	1000.0
23019031100	2000.0	2000.0
23019031200	1000.0	1000.0
23019031300	2000.0	2000.0
23019940000	1000.0	35.0
23021960301	1000.0	1000.0
23021960302	1000.0	1000.0
23021960400	1000.0	1000.0
23021960500	1000.0	1000.0
23021960600	1000.0	1000.0
23021960700	1000.0	1000.0
23021960800	1000.0	1000.0
23021960900	1000.0	35.0
23023970100	1000.0	67.5
23023970200	2000.0	2000.0
23023970301	1200.0	1000.0
23023970302	1200.0	1000.0
23023970400	1200.0	1000.0
23023970500	1200.0	1000.0
23023970600	1200.0	1000.0
23023970700	1200.0	550.0
23025965301	1000.0	1000.0
23025965302	1000.0	1000.0
23025965600	8000.0	8000.0
23025965700	8000.0	8000.0
23025965800	8000.0	8000.0
23025965900	8000.0	8000.0
23025966000	1000.0	35.0
23025966100	8000.0	8000.0
23025966200	8000.0	8000.0
23025966300	8000.0	8000.0
23025966400	1000.0	35.0
23025966500	500.0	105.0
23025966601	500.0	52.0
23025966602	500.0	136.0
23025966701	1000.0	750.0
23025966702	500.0	20.0
23025966801	1000.0	35.0
23025966802	2000.0	2000.0
23025966900	1000.0	35.0
23025967000	1000.0	1000.0
23027041000	1000.0	1000.0
23027042000	2000.0	2000.0
23027043000	1000.0	100.0
23027044000	1000.0	100.0
23027045000	1000.0	1000.0
23027046001	1000.0	500.0
23027046002	1000.0	1000.0
23027047000	1000.0	500.0
23029955100	1000.0	100.0
23029955300	1000.0	1000.0
23029955400	1000.0	1000.0
23029955500	1000.0	1000.0
23029955600	1000.0	500.0
23029955700	1000.0	35.0
23029955800	1000.0	35.0
23029955900	1000.0	500.0
23029956100	1000.0	100.0
23029956200	1000.0	1000.0
23029956300	1000.0	35.0
23029956400	1000.0	35.0
23029956500	1000.0	35.0
23031005100	2000.0	2000.0
23031005200	2000.0	2000.0
23031005301	2000.0	2000.0
23031005302	1000.0	1000.0
23031005400	2000.0	2000.0
23031006103	1000.0	1000.0
23031006104	1000.0	1000.0
23031006105	1000.0	1000.0
23031006106	1000.0	1000.0
23031020001	1000.0	35.0
23031020002	1000.0	35.0
23031021000	1000.0	500.0
23031022000	1000.0	35.0
23031022500	1000.0	35.0
23031023000	1000.0	267.5
23031023501	1000.0	50.0
23031023502	2000.0	2000.0
23031024001	1000.0	35.0
23031024002	1000.0	35.0
23031024501	1500.0	1500.0
23031024502	2000.0	2000.0
23031025100	2000.0	2000.0
23031025203	1000.0	1000.0
23031025204	2000.0	2000.0
23031025205	1000.0	1000.0
23031025206	1000.0	1000.0
23031025300	2000.0	2000.0
23031025400	2000.0	2000.0
23031026000	2000.0	2000.0
23031027000	2000.0	2000.0
23031028001	1000.0	35.0
23031028003	1000.0	1000.0
23031028004	1000.0	1000.0
23031029000	1000.0	1000.0
23031030101	1000.0	600.0
23031030102	1000.0	600.0
23031030201	1000.0	600.0
23031030203	1000.0	105.0
23031030204	1000.0	600.0
23031030205	1000.0	600.0
23031030300	1000.0	52.0
23031031000	1000.0	50.0
23031032001	1200.0	1000.0
23031032002	1200.0	35.0
23031033000	1000.0	35.0
23031034002	1000.0	35.0
23031034003	1000.0	35.0
23031034004	1000.0	500.0
23031034005	1000.0	35.0
23031034006	1000.0	35.0
23031035001	2000.0	2000.0
23031035002	1200.0	52.0
23031036002	1000.0	35.0
23031036003	1000.0	35.0
23031036004	1000.0	35.0
23031037000	1200.0	1000.0
23031038001	2000.0	2000.0
23031038002	2000.0	2000.0
